 85 
 95 
 97 
 99 
102 
113 
113 
110 
107 
105 
105 
105 
106 
103 
100 
100 
101 
 95 
 82 
 71 
 71 
 69 
 60 
100 
104 
118 
118 
107 
 43 
 51 
101 
119 
104 
103 
155 
164 
167 
192 
192 
192 
192 
197 
198 
197 
198 
199 
199 
199 
200 
198 
196 
203 
203 
203 
202 
201 
201 
201 
201 
202 
206 
206 
209 
209 
208 
209 
208 
208 
208 
205 
206 
210 
210 
211 
212 
213 
206 
209 
206 
206 
210 
212 
212 
212 
214 
215 
221 
222 
223 
222 
222 


 84 
 92 
 97 
100 
105 
110 
110 
111 
107 
106 
107 
107 
107 
104 
100 
100 
100 
 98 
 85 
 71 
 71 
 68 
 61 
104 
108 
119 
116 
103 
 48 
 56 
104 
121 
103 
102 
152 
164 
166 
193 
193 
191 
192 
194 
195 
199 
198 
200 
199 
199 
201 
200 
199 
202 
202 
205 
205 
203 
203 
202 
204 
204 
207 
207 
207 
207 
208 
205 
208 
208 
210 
210 
210 
210 
213 
217 
218 
212 
210 
212 
209 
208 
210 
215 
214 
212 
214 
215 
221 
218 
218 
218 
221 


 86 
 93 
 97 
 99 
104 
109 
110 
111 
108 
107 
107 
108 
107 
104 
100 
100 
101 
 99 
 82 
 71 
 71 
 70 
 66 
105 
110 
118 
118 
108 
 50 
 58 
107 
120 
101 
 98 
154 
170 
169 
198 
198 
190 
190 
190 
190 
196 
196 
200 
201 
200 
198 
199 
200 
205 
205 
205 
207 
204 
204 
205 
204 
205 
204 
205 
205 
206 
207 
207 
204 
208 
208 
214 
214 
213 
214 
212 
211 
211 
211 
215 
211 
210 
212 
213 
215 
215 
217 
217 
219 
218 
218 
219 
220 


 88 
 93 
 95 
100 
104 
109 
109 
110 
107 
107 
107 
107 
107 
104 
101 
101 
102 
 99 
 82 
 71 
 72 
 70 
 65 
109 
114 
118 
118 
110 
 52 
 60 
110 
116 
100 
101 
159 
173 
170 
200 
200 
196 
194 
200 
203 
194 
192 
197 
200 
200 
198 
200 
202 
202 
202 
205 
206 
206 
206 
209 
207 
207 
203 
203 
203 
204 
206 
204 
206 
211 
211 
212 
212 
211 
214 
212 
212 
211 
213 
215 
213 
212 
210 
211 
214 
214 
216 
216 
219 
219 
219 
220 
222 


 86 
 93 
 96 
101 
105 
108 
109 
110 
106 
106 
107 
107 
106 
103 
102 
101 
104 
102 
 84 
 71 
 72 
 70 
 65 
112 
115 
117 
116 
106 
 95 
 99 
111 
118 
105 
106 
158 
180 
183 
192 
191 
182 
186 
213 
217 
199 
192 
196 
200 
200 
201 
202 
202 
202 
203 
206 
209 
210 
210 
210 
210 
207 
207 
207 
207 
208 
208 
208 
211 
212 
213 
214 
214 
212 
216 
218 
218 
210 
214 
213 
215 
215 
215 
213 
215 
215 
215 
216 
215 
217 
217 
217 
222 


 86 
 94 
 97 
100 
104 
108 
108 
111 
107 
105 
106 
106 
105 
103 
103 
103 
103 
102 
 85 
 74 
 74 
 68 
 66 
113 
118 
115 
117 
105 
 52 
 61 
113 
117 
110 
114 
161 
171 
162 
148 
143 
117 
115 
218 
232 
206 
197 
198 
197 
197 
199 
201 
202 
204 
205 
211 
216 
216 
215 
213 
210 
211 
207 
207 
209 
213 
209 
209 
210 
208 
211 
212 
212 
212 
213 
217 
217 
214 
213 
213 
209 
210 
214 
214 
215 
216 
216 
216 
215 
219 
220 
219 
219 


 88 
 96 
 98 
101 
104 
108 
109 
112 
108 
103 
105 
105 
105 
104 
104 
103 
103 
103 
 89 
 75 
 75 
 69 
 66 
117 
121 
116 
119 
105 
 48 
 57 
108 
113 
105 
111 
165 
166 
149 
108 
103 
 80 
 75 
183 
200 
212 
200 
198 
198 
198 
199 
199 
202 
206 
207 
216 
225 
218 
218 
218 
216 
216 
209 
209 
209 
208 
211 
211 
212 
208 
207 
208 
209 
211 
211 
216 
216 
210 
209 
213 
208 
209 
211 
213 
216 
215 
215 
216 
217 
220 
220 
220 
219 


 87 
 95 
 98 
101 
104 
111 
111 
113 
110 
105 
105 
105 
105 
104 
104 
103 
103 
 98 
 82 
 73 
 73 
 70 
 69 
119 
121 
122 
120 
106 
 54 
 58 
 80 
 81 
102 
112 
165 
143 
121 
100 
 95 
 67 
 59 
162 
177 
213 
200 
198 
197 
198 
200 
201 
206 
224 
225 
231 
221 
200 
202 
209 
214 
217 
209 
210 
211 
210 
211 
211 
213 
208 
207 
208 
209 
211 
212 
213 
214 
211 
213 
213 
214 
213 
210 
213 
216 
217 
215 
218 
221 
222 
222 
221 
221 


 86 
 94 
 97 
100 
104 
111 
112 
112 
111 
105 
109 
108 
105 
103 
103 
103 
104 
100 
 81 
 70 
 70 
 67 
 65 
109 
112 
112 
112 
 90 
 57 
 57 
 63 
 64 
103 
115 
163 
131 
103 
 86 
 82 
 64 
 52 
146 
162 
212 
200 
197 
201 
201 
199 
202 
216 
242 
241 
227 
203 
165 
164 
179 
214 
217 
210 
210 
210 
212 
212 
212 
212 
209 
210 
208 
208 
213 
214 
214 
214 
217 
217 
214 
215 
214 
211 
213 
213 
213 
214 
218 
220 
222 
222 
222 
223 


 86 
 94 
 97 
 99 
105 
112 
113 
114 
111 
106 
107 
107 
105 
103 
102 
102 
104 
102 
 82 
 72 
 72 
 67 
 66 
 56 
 53 
 38 
 39 
 37 
 49 
 49 
 52 
 61 
106 
119 
155 
129 
103 
 89 
 84 
 60 
 49 
130 
147 
210 
204 
198 
196 
196 
198 
209 
220 
192 
190 
174 
146 
140 
142 
193 
216 
219 
214 
213 
212 
215 
213 
212 
210 
208 
209 
212 
212 
213 
214 
210 
210 
215 
218 
215 
212 
212 
213 
215 
219 
219 
219 
218 
219 
217 
217 
217 
220 


 87 
 95 
 97 
 99 
106 
111 
112 
113 
111 
108 
107 
107 
106 
104 
102 
102 
102 
101 
 85 
 72 
 72 
 70 
 67 
 39 
 38 
 64 
 75 
 87 
 66 
 64 
 60 
 57 
109 
122 
163 
137 
106 
 89 
 85 
 64 
 52 
120 
137 
202 
205 
194 
196 
196 
197 
203 
210 
135 
136 
130 
104 
 97 
101 
153 
214 
223 
211 
211 
213 
216 
207 
207 
210 
210 
211 
215 
215 
215 
215 
214 
214 
216 
215 
212 
213 
213 
212 
216 
217 
218 
216 
220 
221 
217 
217 
218 
220 


 88 
 95 
 98 
100 
106 
111 
111 
111 
110 
107 
108 
108 
107 
103 
102 
102 
102 
 99 
 83 
 73 
 73 
 72 
 62 
 74 
 82 
134 
148 
148 
115 
107 
 67 
 56 
110 
122 
166 
144 
105 
 84 
 81 
 69 
 54 
109 
124 
198 
209 
192 
195 
195 
196 
205 
183 
119 
118 
103 
 71 
 73 
 79 
145 
213 
221 
206 
208 
213 
212 
207 
207 
210 
209 
211 
213 
213 
214 
214 
214 
214 
213 
213 
214 
216 
216 
214 
213 
214 
214 
216 
219 
219 
218 
219 
220 
220 


 90 
 95 
 98 
101 
106 
110 
110 
110 
109 
106 
108 
108 
107 
104 
103 
102 
102 
 99 
 79 
 73 
 73 
 71 
 60 
 96 
109 
155 
145 
129 
103 
 98 
 69 
 53 
113 
125 
163 
139 
100 
 77 
 75 
 71 
 57 
 91 
102 
185 
207 
196 
195 
195 
197 
204 
166 
105 
102 
 78 
 58 
 58 
 65 
144 
208 
213 
211 
211 
210 
208 
208 
208 
208 
208 
210 
210 
210 
211 
213 
213 
214 
214 
213 
212 
211 
211 
214 
214 
215 
214 
215 
217 
219 
218 
219 
220 
219 


 95 
 96 
 98 
100 
106 
111 
111 
110 
109 
106 
111 
111 
107 
104 
103 
103 
105 
100 
 79 
 74 
 74 
 69 
 52 
107 
118 
130 
122 
101 
 68 
 67 
 61 
 53 
112 
125 
168 
138 
108 
 72 
 71 
 71 
 57 
 74 
 82 
170 
204 
198 
201 
202 
199 
200 
152 
103 
 97 
 67 
 59 
 58 
 66 
151 
208 
211 
209 
209 
209 
208 
211 
211 
211 
207 
207 
209 
210 
211 
211 
211 
210 
217 
211 
213 
212 
212 
217 
214 
218 
219 
213 
217 
221 
220 
221 
218 
218 


 91 
 96 
 98 
100 
106 
110 
110 
111 
109 
107 
109 
109 
108 
105 
105 
105 
107 
103 
 79 
 74 
 74 
 70 
 62 
103 
112 
121 
 95 
 79 
 65 
 66 
 67 
 58 
110 
123 
172 
141 
 94 
 73 
 73 
 71 
 64 
 62 
 68 
159 
207 
203 
195 
195 
201 
205 
151 
 94 
 90 
 69 
 66 
 62 
 69 
155 
208 
216 
211 
210 
208 
208 
209 
209 
209 
209 
209 
207 
207 
210 
210 
212 
212 
212 
209 
215 
214 
214 
215 
218 
216 
216 
214 
219 
222 
222 
221 
219 
220 


 82 
 88 
 92 
 98 
105 
109 
109 
111 
109 
106 
108 
108 
106 
104 
104 
105 
109 
106 
 78 
 74 
 74 
 71 
 64 
100 
105 
104 
 92 
 78 
 65 
 66 
 70 
 64 
113 
128 
176 
143 
105 
 75 
 74 
 70 
 62 
 52 
 57 
144 
200 
201 
193 
193 
204 
204 
149 
 84 
 81 
 70 
 66 
 63 
 71 
162 
223 
220 
213 
213 
210 
210 
209 
209 
209 
206 
207 
209 
209 
210 
209 
212 
212 
214 
215 
214 
215 
215 
216 
217 
220 
221 
221 
221 
221 
221 
221 
221 
222 


 82 
 84 
 88 
 98 
104 
109 
109 
110 
110 
108 
110 
110 
107 
103 
105 
105 
107 
105 
 78 
 72 
 72 
 71 
 65 
100 
105 
106 
 91 
 76 
 70 
 71 
 74 
 66 
110 
123 
173 
147 
101 
 81 
 80 
 73 
 67 
 48 
 51 
133 
194 
202 
191 
192 
204 
199 
143 
 84 
 81 
 72 
 66 
 67 
 77 
166 
229 
221 
210 
210 
210 
209 
209 
208 
213 
209 
203 
209 
209 
207 
207 
215 
215 
214 
212 
214 
217 
217 
215 
215 
218 
219 
217 
216 
216 
219 
219 
222 
224 


 81 
 84 
 86 
 97 
103 
109 
109 
109 
109 
108 
110 
110 
108 
104 
105 
105 
106 
100 
 76 
 71 
 72 
 72 
 68 
 99 
103 
103 
 92 
 76 
 68 
 68 
 70 
 65 
112 
125 
170 
145 
105 
 88 
 87 
 79 
 72 
 49 
 49 
121 
187 
204 
189 
190 
202 
193 
132 
 80 
 78 
 71 
 59 
 79 
 90 
168 
222 
212 
208 
208 
207 
208 
210 
209 
210 
207 
204 
211 
211 
211 
213 
214 
214 
214 
213 
214 
212 
212 
215 
216 
216 
216 
216 
219 
218 
219 
220 
226 
224 


 75 
 81 
 84 
 97 
104 
109 
109 
110 
109 
108 
109 
109 
107 
104 
104 
104 
103 
 99 
 75 
 72 
 72 
 71 
 68 
 95 
 98 
101 
 84 
 69 
 66 
 67 
 66 
 59 
117 
130 
175 
148 
113 
 89 
 90 
 85 
 76 
 49 
 49 
107 
176 
200 
189 
190 
202 
180 
126 
 77 
 75 
 67 
 57 
 88 
 99 
175 
217 
207 
204 
204 
206 
208 
203 
203 
208 
207 
208 
214 
214 
212 
213 
212 
212 
211 
213 
213 
212 
212 
211 
214 
215 
214 
214 
220 
218 
220 
221 
224 
222 


 73 
 74 
 84 
 98 
105 
110 
110 
111 
109 
108 
108 
107 
105 
103 
104 
104 
102 
 98 
 77 
 71 
 71 
 71 
 67 
 94 
 97 
 98 
 77 
 65 
 63 
 63 
 62 
 56 
122 
136 
176 
161 
122 
 92 
 93 
 86 
 79 
 49 
 46 
 89 
167 
198 
190 
190 
205 
176 
116 
 67 
 67 
 65 
 55 
 96 
110 
185 
216 
206 
218 
219 
216 
212 
212 
212 
215 
219 
214 
211 
212 
214 
214 
219 
220 
212 
212 
214 
213 
212 
212 
212 
212 
212 
213 
217 
219 
221 
221 
222 
222 


 72 
 77 
 82 
 98 
105 
111 
111 
110 
108 
107 
108 
108 
106 
105 
105 
105 
104 
 99 
 82 
 71 
 71 
 70 
 65 
 90 
 92 
 92 
 74 
 65 
 62 
 62 
 59 
 54 
119 
133 
167 
163 
135 
 96 
 97 
 89 
 83 
 56 
 52 
 83 
158 
197 
192 
193 
204 
178 
113 
 71 
 71 
 69 
 56 
 99 
114 
195 
217 
213 
221 
220 
210 
193 
190 
194 
217 
230 
220 
214 
214 
213 
212 
212 
212 
210 
209 
213 
212 
212 
215 
216 
215 
215 
216 
220 
219 
221 
221 
222 
222 


 73 
 76 
 77 
 95 
104 
112 
112 
111 
109 
108 
109 
108 
106 
106 
104 
104 
105 
 98 
 85 
 71 
 71 
 70 
 66 
 84 
 86 
 88 
 70 
 65 
 61 
 61 
 62 
 60 
122 
136 
167 
169 
142 
 98 
 99 
 89 
 83 
 55 
 51 
 78 
151 
196 
189 
190 
203 
177 
110 
 84 
 83 
 76 
 53 
103 
117 
198 
216 
217 
203 
193 
153 
131 
117 
119 
168 
226 
230 
208 
209 
213 
214 
213 
214 
212 
211 
214 
212 
212 
215 
217 
220 
220 
221 
221 
218 
221 
222 
222 
223 


 66 
 70 
 75 
 92 
102 
111 
111 
111 
108 
108 
109 
108 
106 
105 
104 
104 
103 
 98 
 83 
 71 
 71 
 71 
 70 
 82 
 83 
 89 
 82 
 75 
 70 
 70 
 70 
 65 
130 
143 
167 
171 
144 
 91 
 91 
 86 
 81 
 55 
 51 
 71 
146 
190 
184 
185 
202 
178 
111 
 82 
 81 
 75 
 53 
111 
125 
199 
219 
221 
174 
161 
113 
103 
 70 
 70 
114 
207 
225 
208 
209 
212 
212 
209 
208 
213 
215 
217 
215 
215 
216 
219 
219 
220 
221 
218 
218 
222 
223 
224 
223 


 62 
 70 
 80 
 97 
103 
113 
113 
111 
108 
108 
109 
108 
106 
105 
105 
104 
104 
 99 
 80 
 72 
 72 
 72 
 71 
 83 
 85 
 92 
 90 
 83 
 69 
 68 
 65 
 61 
128 
140 
172 
168 
146 
 91 
 92 
 90 
 83 
 53 
 49 
 54 
111 
179 
182 
182 
195 
168 
102 
 73 
 72 
 71 
 50 
115 
130 
200 
216 
218 
131 
122 
 98 
 90 
 55 
 56 
 91 
190 
217 
207 
207 
209 
207 
207 
207 
215 
212 
213 
214 
215 
218 
216 
219 
220 
220 
219 
216 
222 
223 
222 
222 


 61 
 65 
 82 
 98 
107 
109 
110 
111 
108 
108 
109 
108 
106 
105 
105 
105 
106 
100 
 76 
 72 
 72 
 73 
 70 
 80 
 83 
 91 
 91 
 86 
 67 
 66 
 61 
 57 
129 
140 
169 
171 
149 
 95 
 95 
 93 
 85 
 56 
 53 
 49 
 93 
155 
176 
174 
177 
153 
 96 
 71 
 72 
 72 
 57 
116 
132 
202 
215 
216 
111 
103 
 80 
 71 
 43 
 44 
 82 
184 
214 
208 
208 
209 
210 
211 
211 
210 
210 
212 
220 
220 
218 
215 
217 
218 
219 
219 
220 
222 
223 
224 
223 


 68 
 68 
 82 
 96 
108 
109 
109 
109 
108 
108 
109 
109 
106 
104 
105 
105 
106 
101 
 74 
 72 
 72 
 73 
 71 
 79 
 83 
 97 
 93 
 86 
 65 
 65 
 63 
 55 
130 
142 
166 
173 
148 
 92 
 93 
 94 
 84 
 65 
 63 
 51 
 76 
136 
172 
172 
173 
142 
 90 
 73 
 73 
 74 
 60 
116 
132 
201 
213 
218 
102 
 94 
 69 
 63 
 36 
 39 
 86 
189 
223 
206 
207 
209 
211 
213 
213 
210 
211 
213 
220 
220 
216 
216 
217 
218 
217 
219 
219 
222 
222 
222 
222 


 78 
 88 
 92 
 98 
110 
111 
110 
109 
108 
108 
108 
108 
106 
104 
105 
105 
105 
 99 
 76 
 72 
 72 
 72 
 71 
 80 
 84 
104 
 98 
 88 
 65 
 65 
 63 
 53 
124 
136 
167 
177 
152 
 93 
 94 
 96 
 88 
 70 
 69 
 56 
 65 
121 
174 
174 
168 
138 
 88 
 77 
 76 
 73 
 58 
117 
133 
203 
212 
216 
100 
 90 
 58 
 60 
 38 
 42 
 94 
192 
221 
208 
209 
211 
211 
212 
212 
212 
215 
215 
215 
215 
215 
216 
219 
219 
217 
217 
217 
222 
222 
222 
222 


 94 
 96 
 98 
102 
109 
112 
112 
112 
109 
108 
108 
108 
107 
105 
105 
105 
104 
 96 
 75 
 74 
 74 
 72 
 72 
 77 
 81 
105 
100 
 91 
 65 
 65 
 63 
 53 
117 
130 
167 
180 
145 
 95 
 96 
 97 
 92 
 84 
 84 
 65 
 60 
108 
170 
170 
162 
124 
 83 
 77 
 76 
 74 
 59 
116 
131 
204 
225 
210 
 86 
 78 
 57 
 65 
 38 
 43 
110 
197 
219 
205 
206 
211 
210 
209 
209 
213 
212 
211 
210 
211 
216 
216 
216 
216 
216 
216 
217 
222 
223 
223 
225 


 95 
 99 
 99 
103 
108 
112 
113 
112 
109 
108 
109 
108 
106 
105 
105 
105 
105 
100 
 74 
 73 
 72 
 72 
 70 
 73 
 76 
102 
 99 
 90 
 67 
 66 
 63 
 51 
104 
117 
157 
183 
161 
 97 
 97 
 97 
 93 
 83 
 82 
 65 
 54 
 96 
170 
172 
158 
114 
 80 
 75 
 74 
 70 
 57 
115 
130 
202 
233 
203 
 74 
 68 
 53 
 63 
 35 
 40 
123 
204 
225 
205 
205 
206 
210 
211 
212 
218 
213 
213 
213 
213 
213 
217 
215 
215 
219 
220 
216 
222 
222 
222 
222 


 95 
 99 
 99 
102 
109 
112 
112 
112 
110 
108 
110 
109 
106 
105 
105 
106 
107 
100 
 73 
 72 
 72 
 72 
 70 
 69 
 72 
102 
 98 
 91 
 67 
 66 
 62 
 49 
 91 
105 
148 
183 
173 
 97 
 97 
 99 
 93 
 82 
 81 
 69 
 52 
 84 
167 
170 
154 
102 
 70 
 71 
 70 
 65 
 55 
110 
125 
206 
235 
192 
 64 
 60 
 53 
 61 
 34 
 40 
138 
215 
224 
211 
211 
209 
215 
213 
214 
217 
216 
214 
215 
214 
213 
218 
221 
222 
220 
220 
221 
222 
222 
221 
221 


 95 
 98 
 99 
103 
109 
111 
112 
111 
110 
107 
110 
110 
107 
105 
106 
107 
109 
 98 
 71 
 72 
 72 
 72 
 70 
 66 
 68 
 99 
100 
 94 
 77 
 76 
 71 
 59 
 76 
 86 
137 
180 
188 
 95 
 93 
 93 
 91 
 81 
 80 
 69 
 55 
 73 
168 
170 
144 
 93 
 65 
 69 
 68 
 67 
 51 
110 
125 
211 
228 
171 
 63 
 62 
 61 
 60 
 42 
 48 
150 
219 
217 
209 
209 
208 
213 
212 
212 
214 
216 
215 
211 
210 
212 
217 
221 
222 
219 
218 
221 
221 
221 
221 
222 


 96 
 97 
100 
103 
107 
111 
111 
112 
109 
108 
111 
111 
107 
106 
107 
107 
110 
 99 
 73 
 72 
 72 
 72 
 71 
 62 
 64 
 94 
 99 
 94 
 84 
 83 
 79 
 67 
 63 
 67 
119 
173 
190 
 91 
 87 
 89 
 90 
 79 
 78 
 69 
 59 
 62 
171 
176 
139 
 91 
 71 
 79 
 78 
 78 
 64 
115 
132 
222 
228 
159 
 61 
 62 
 65 
 57 
 49 
 58 
160 
225 
214 
201 
202 
208 
211 
208 
209 
216 
216 
215 
210 
210 
211 
217 
219 
220 
216 
216 
219 
220 
221 
222 
222 


 94 
 96 
 96 
 98 
105 
109 
110 
111 
109 
109 
111 
110 
107 
105 
105 
106 
108 
101 
 77 
 71 
 72 
 72 
 72 
 61 
 63 
 89 
103 
 97 
 83 
 82 
 78 
 71 
 59 
 60 
105 
169 
190 
 80 
 75 
 84 
 90 
 74 
 73 
 73 
 60 
 64 
179 
179 
134 
 88 
 76 
 85 
 85 
 87 
 71 
129 
147 
228 
229 
153 
 72 
 72 
 67 
 54 
 57 
 67 
172 
231 
220 
206 
206 
208 
209 
210 
210 
212 
216 
213 
215 
216 
217 
218 
218 
218 
215 
219 
221 
221 
221 
224 
223 


 94 
 96 
 96 
 98 
106 
108 
108 
111 
108 
108 
111 
110 
106 
106 
105 
105 
108 
 98 
 73 
 71 
 71 
 71 
 71 
 58 
 58 
 79 
103 
 99 
 85 
 85 
 80 
 74 
 52 
 50 
 86 
163 
199 
 90 
 83 
 77 
 87 
 75 
 74 
 66 
 50 
 70 
191 
191 
135 
 84 
 80 
 85 
 84 
 78 
 57 
138 
157 
233 
214 
141 
 57 
 57 
 57 
 43 
 70 
 82 
183 
225 
213 
205 
206 
208 
213 
210 
210 
207 
211 
210 
213 
213 
214 
219 
220 
220 
218 
220 
220 
221 
221 
219 
220 


 94 
 95 
 96 
 98 
105 
110 
110 
111 
106 
108 
110 
110 
107 
106 
104 
104 
107 
 94 
 70 
 70 
 70 
 70 
 70 
 59 
 58 
 72 
107 
106 
 89 
 88 
 82 
 76 
 51 
 47 
 75 
159 
203 
106 
 97 
 75 
 84 
 73 
 71 
 66 
 49 
 74 
191 
190 
129 
 82 
 85 
 81 
 80 
 70 
 52 
152 
170 
236 
195 
110 
 47 
 49 
 57 
 43 
 92 
105 
195 
218 
206 
204 
204 
208 
212 
213 
213 
210 
211 
211 
214 
213 
215 
218 
219 
219 
216 
218 
219 
221 
221 
221 
221 


 94 
 94 
 94 
 98 
104 
110 
110 
110 
106 
106 
110 
110 
106 
105 
104 
104 
104 
 89 
 73 
 71 
 71 
 70 
 69 
 59 
 57 
 65 
103 
106 
 88 
 87 
 82 
 76 
 59 
 54 
 68 
155 
213 
118 
107 
 67 
 76 
 70 
 68 
 62 
 47 
 76 
190 
189 
125 
 79 
 84 
 77 
 76 
 67 
 50 
175 
192 
232 
171 
 84 
 46 
 49 
 62 
 47 
108 
126 
201 
218 
202 
203 
204 
210 
214 
209 
208 
210 
213 
215 
215 
215 
217 
218 
220 
221 
220 
220 
221 
222 
222 
220 
223 


 92 
 94 
 95 
 99 
104 
110 
110 
110 
106 
106 
111 
110 
106 
106 
105 
104 
105 
 92 
 73 
 71 
 71 
 71 
 69 
 62 
 60 
 62 
 95 
103 
 89 
 87 
 79 
 74 
 63 
 60 
 60 
145 
209 
130 
118 
 69 
 73 
 67 
 66 
 59 
 47 
 76 
187 
186 
128 
 82 
 85 
 71 
 71 
 64 
 49 
188 
204 
231 
149 
 81 
 60 
 60 
 59 
 36 
114 
132 
207 
212 
205 
205 
206 
210 
213 
210 
209 
210 
211 
217 
219 
219 
219 
217 
221 
222 
222 
222 
216 
221 
221 
217 
219 


 93 
 94 
 95 
100 
105 
110 
110 
110 
106 
107 
109 
108 
108 
107 
105 
106 
108 
 93 
 71 
 71 
 71 
 71 
 70 
 63 
 61 
 60 
 85 
 97 
 88 
 86 
 77 
 72 
 64 
 61 
 56 
123 
208 
140 
127 
 72 
 74 
 77 
 78 
 75 
 61 
 75 
184 
183 
139 
 82 
 85 
 77 
 77 
 68 
 50 
205 
219 
212 
126 
 78 
 72 
 74 
 72 
 48 
117 
135 
217 
216 
207 
206 
206 
211 
213 
211 
211 
214 
213 
218 
217 
217 
217 
216 
222 
222 
219 
219 
220 
219 
219 
222 
220 


 94 
 94 
 95 
100 
105 
112 
112 
110 
106 
107 
109 
108 
107 
107 
106 
106 
112 
 96 
 70 
 71 
 71 
 71 
 70 
 65 
 64 
 60 
 72 
 92 
 91 
 89 
 77 
 70 
 62 
 58 
 41 
 94 
162 
144 
132 
 82 
 84 
 81 
 82 
 79 
 65 
 70 
148 
150 
112 
 78 
 80 
 76 
 75 
 58 
 42 
207 
220 
203 
113 
 75 
 71 
 72 
 71 
 50 
139 
157 
218 
218 
206 
205 
206 
211 
214 
214 
214 
214 
213 
213 
214 
214 
214 
216 
218 
218 
219 
219 
220 
215 
215 
223 
223 


 93 
 96 
 97 
102 
105 
113 
113 
111 
106 
107 
109 
108 
107 
106 
107 
107 
112 
 93 
 69 
 72 
 72 
 71 
 69 
 68 
 67 
 62 
 72 
 92 
 93 
 90 
 76 
 69 
 64 
 63 
 47 
 63 
104 
125 
118 
 82 
 87 
 84 
 84 
 82 
 73 
 62 
 75 
 76 
 84 
 74 
 77 
 74 
 73 
 53 
 39 
212 
223 
193 
112 
 79 
 77 
 78 
 76 
 54 
161 
178 
221 
216 
204 
207 
207 
211 
211 
212 
211 
211 
211 
212 
211 
211 
211 
214 
216 
216 
220 
217 
219 
215 
216 
219 
220 


 91 
 96 
 97 
102 
105 
112 
113 
111 
106 
107 
109 
108 
107 
106 
105 
106 
111 
 86 
 66 
 72 
 72 
 70 
 70 
 66 
 66 
 60 
 68 
 89 
 92 
 89 
 73 
 72 
 77 
 77 
 61 
 61 
 76 
 88 
 86 
 76 
 81 
 83 
 83 
 83 
 83 
 77 
 75 
 75 
 79 
 79 
 75 
 75 
 74 
 57 
 46 
223 
232 
180 
106 
 83 
 87 
 86 
 76 
 56 
178 
194 
225 
214 
203 
208 
208 
211 
211 
211 
211 
211 
211 
213 
213 
213 
213 
215 
218 
218 
220 
217 
218 
216 
216 
216 
219 


 94 
 96 
 97 
100 
106 
113 
113 
110 
106 
106 
110 
109 
108 
107 
107 
108 
111 
 90 
 70 
 71 
 71 
 70 
 69 
 67 
 67 
 61 
 63 
 79 
 92 
 90 
 73 
 76 
 81 
 81 
 87 
 78 
 78 
 84 
 83 
 77 
 80 
 84 
 84 
 85 
 86 
 84 
 83 
 83 
 84 
 84 
 78 
 76 
 76 
 61 
 52 
217 
224 
176 
104 
 82 
 86 
 85 
 72 
 56 
193 
206 
223 
207 
203 
210 
210 
210 
212 
211 
211 
213 
207 
209 
212 
212 
214 
212 
215 
215 
215 
214 
216 
218 
218 
216 
215 


 93 
 96 
 96 
 98 
106 
112 
111 
110 
107 
107 
111 
110 
108 
107 
107 
107 
111 
101 
 79 
 70 
 70 
 70 
 69 
 67 
 67 
 64 
 61 
 75 
 99 
 99 
100 
 98 
 92 
 90 
 85 
 83 
 84 
 80 
 79 
 80 
 81 
 83 
 82 
 82 
 84 
 84 
 84 
 83 
 82 
 81 
 79 
 81 
 81 
 69 
 58 
211 
216 
158 
 94 
 81 
 86 
 84 
 64 
 55 
189 
203 
227 
204 
204 
207 
207 
207 
209 
213 
214 
212 
208 
208 
216 
216 
216 
214 
214 
214 
217 
217 
218 
219 
219 
217 
220 


 92 
 95 
 97 
 98 
107 
111 
111 
110 
107 
108 
111 
111 
107 
107 
108 
108 
112 
 94 
 72 
 70 
 70 
 69 
 68 
 68 
 68 
 66 
 58 
 73 
111 
112 
113 
110 
101 
 99 
 91 
 88 
 85 
 83 
 83 
 82 
 81 
 83 
 83 
 84 
 85 
 84 
 83 
 82 
 82 
 82 
 82 
 83 
 83 
 71 
 54 
136 
138 
129 
 80 
 75 
 80 
 78 
 62 
 63 
191 
203 
219 
204 
206 
208 
208 
206 
207 
210 
211 
212 
208 
208 
212 
213 
217 
216 
213 
213 
218 
219 
219 
219 
219 
221 
221 


 92 
 94 
 96 
100 
107 
111 
111 
111 
108 
108 
111 
111 
107 
107 
108 
109 
112 
 94 
 71 
 71 
 70 
 67 
 66 
 66 
 66 
 64 
 55 
 72 
115 
116 
118 
110 
 98 
 97 
 91 
 87 
 84 
 83 
 83 
 82 
 82 
 84 
 85 
 85 
 84 
 84 
 82 
 82 
 81 
 84 
 84 
 87 
 88 
 77 
 63 
 87 
 89 
 85 
 70 
 75 
 80 
 78 
 62 
 71 
201 
209 
219 
201 
205 
211 
211 
209 
208 
208 
209 
209 
210 
210 
211 
211 
213 
213 
218 
218 
216 
215 
218 
218 
218 
220 
222 


 93 
 94 
 95 
 99 
108 
110 
110 
112 
108 
108 
112 
111 
108 
107 
109 
110 
112 
 89 
 70 
 71 
 70 
 69 
 68 
 67 
 66 
 65 
 53 
 69 
120 
120 
119 
112 
 97 
 95 
 91 
 87 
 84 
 81 
 81 
 82 
 82 
 86 
 86 
 88 
 85 
 83 
 82 
 81 
 80 
 85 
 88 
 91 
 91 
 88 
 77 
 79 
 79 
 79 
 79 
 86 
 81 
 77 
 58 
 83 
217 
223 
219 
202 
204 
209 
209 
209 
206 
211 
211 
209 
214 
214 
210 
210 
210 
211 
218 
218 
216 
213 
214 
218 
218 
218 
218 


 92 
 94 
 96 
101 
108 
107 
106 
106 
104 
106 
111 
111 
109 
108 
107 
107 
109 
 90 
 74 
 71 
 70 
 69 
 68 
 67 
 68 
 65 
 50 
 70 
124 
123 
115 
108 
 96 
 94 
 90 
 86 
 84 
 79 
 78 
 77 
 78 
 83 
 84 
 85 
 85 
 84 
 84 
 83 
 83 
 86 
 93 
 94 
 94 
 90 
 89 
 90 
 90 
 93 
 91 
 90 
 87 
 82 
 59 
 95 
226 
233 
205 
202 
203 
208 
208 
206 
205 
209 
208 
208 
211 
212 
211 
212 
215 
211 
216 
217 
217 
215 
214 
220 
220 
218 
217 


 93 
 95 
 97 
 98 
100 
109 
111 
115 
 97 
 98 
108 
108 
106 
107 
107 
107 
107 
 90 
 75 
 72 
 71 
 69 
 68 
 67 
 67 
 64 
 49 
 70 
123 
123 
114 
105 
 96 
 94 
 89 
 84 
 82 
 78 
 78 
 78 
 78 
 82 
 83 
 84 
 84 
 83 
 83 
 83 
 83 
 90 
 96 
 95 
 95 
 94 
 90 
 90 
 90 
 91 
 91 
 91 
 91 
 86 
 64 
106 
219 
224 
201 
199 
205 
206 
206 
206 
207 
209 
208 
206 
210 
210 
213 
213 
213 
211 
212 
213 
216 
214 
213 
219 
220 
221 
220 


 93 
 95 
 96 
 89 
 98 
128 
130 
134 
127 
119 
112 
111 
108 
105 
107 
108 
109 
 91 
 73 
 70 
 70 
 68 
 68 
 66 
 65 
 63 
 49 
 70 
119 
118 
111 
104 
 95 
 94 
 88 
 83 
 80 
 78 
 78 
 78 
 78 
 80 
 81 
 81 
 82 
 83 
 83 
 83 
 83 
 89 
 94 
 95 
 95 
 93 
 90 
 90 
 91 
 92 
 91 
 91 
 88 
 85 
 68 
 95 
214 
221 
205 
200 
205 
206 
206 
209 
207 
208 
208 
207 
210 
209 
210 
210 
212 
213 
214 
214 
214 
214 
212 
219 
219 
219 
220 


 94 
 94 
 96 
 93 
108 
147 
149 
148 
143 
136 
119 
117 
110 
107 
108 
109 
112 
 89 
 73 
 70 
 69 
 68 
 66 
 64 
 64 
 61 
 51 
 70 
116 
116 
112 
105 
 91 
 90 
 85 
 81 
 79 
 75 
 76 
 77 
 77 
 79 
 79 
 79 
 80 
 81 
 83 
 83 
 83 
 89 
 93 
 95 
 95 
 93 
 90 
 91 
 92 
 93 
 95 
 93 
 89 
 86 
 70 
 88 
210 
219 
212 
200 
204 
207 
207 
208 
208 
207 
207 
208 
208 
209 
209 
209 
211 
213 
214 
215 
215 
216 
216 
219 
219 
217 
217 


 94 
 96 
 94 
 93 
121 
151 
149 
143 
134 
127 
119 
120 
122 
114 
110 
110 
113 
 90 
 72 
 69 
 68 
 67 
 64 
 64 
 64 
 62 
 53 
 72 
114 
113 
110 
103 
 89 
 87 
 84 
 80 
 77 
 76 
 77 
 77 
 78 
 78 
 78 
 77 
 78 
 79 
 82 
 83 
 85 
 89 
 92 
 95 
 95 
 93 
 91 
 91 
 92 
 97 
 96 
 94 
 87 
 85 
 75 
 81 
205 
216 
216 
200 
201 
207 
208 
208 
211 
210 
210 
208 
207 
212 
209 
209 
209 
210 
215 
215 
213 
216 
214 
218 
218 
217 
215 


 95 
 96 
 94 
 94 
113 
131 
130 
115 
110 
108 
105 
105 
104 
105 
112 
111 
111 
 90 
 74 
 69 
 68 
 67 
 65 
 65 
 65 
 63 
 53 
 71 
111 
110 
106 
100 
 88 
 87 
 79 
 79 
 78 
 77 
 76 
 76 
 77 
 79 
 79 
 77 
 77 
 78 
 82 
 83 
 83 
 86 
 90 
 93 
 93 
 92 
 92 
 94 
 95 
100 
 99 
 94 
 90 
 89 
 78 
 74 
200 
213 
220 
203 
202 
203 
203 
204 
205 
204 
204 
205 
207 
212 
212 
212 
212 
215 
215 
216 
215 
214 
219 
220 
220 
218 
217 


 96 
 98 
 96 
 94 
106 
107 
105 
 99 
 92 
 85 
 86 
 85 
 80 
 83 
110 
110 
110 
 90 
 72 
 70 
 69 
 66 
 65 
 66 
 67 
 64 
 50 
 66 
112 
112 
108 
 97 
 87 
 86 
 78 
 77 
 77 
 76 
 76 
 76 
 78 
 79 
 79 
 79 
 79 
 79 
 82 
 83 
 84 
 86 
 87 
 90 
 90 
 91 
 92 
 95 
 95 
100 
 99 
 96 
 88 
 89 
 85 
 73 
185 
198 
221 
205 
203 
205 
205 
206 
206 
203 
203 
205 
207 
212 
214 
213 
211 
214 
215 
215 
214 
215 
219 
218 
218 
218 
220 


 97 
 98 
 98 
100 
106 
 92 
 90 
 81 
 77 
 71 
 75 
 73 
 65 
 70 
106 
108 
108 
 85 
 66 
 69 
 68 
 66 
 65 
 65 
 65 
 60 
 47 
 70 
116 
115 
108 
 98 
 91 
 90 
 82 
 79 
 76 
 74 
 74 
 76 
 78 
 80 
 80 
 80 
 81 
 81 
 84 
 84 
 85 
 86 
 87 
 88 
 88 
 90 
 90 
 96 
 96 
 99 
 97 
 93 
 85 
 86 
 81 
 67 
172 
184 
216 
202 
201 
206 
206 
205 
204 
209 
210 
208 
210 
214 
213 
212 
212 
216 
215 
215 
216 
214 
219 
220 
220 
220 
221 


 99 
 97 
 99 
103 
105 
 92 
 90 
 80 
 73 
 70 
 68 
 66 
 60 
 62 
 86 
 90 
104 
 82 
 66 
 69 
 68 
 67 
 65 
 63 
 63 
 54 
 45 
 79 
124 
122 
107 
 99 
 93 
 92 
 86 
 83 
 81 
 75 
 75 
 76 
 78 
 79 
 79 
 79 
 80 
 82 
 87 
 87 
 88 
 88 
 89 
 88 
 89 
 90 
 91 
 95 
 95 
 97 
 95 
 91 
 82 
 82 
 76 
 60 
164 
176 
217 
201 
201 
202 
202 
204 
203 
208 
209 
209 
212 
215 
212 
211 
212 
214 
217 
217 
215 
215 
219 
222 
222 
221 
221 


 98 
 98 
100 
105 
107 
 93 
 91 
 79 
 70 
 66 
 60 
 59 
 58 
 55 
 52 
 55 
 91 
 85 
 71 
 69 
 68 
 68 
 68 
 64 
 63 
 48 
 47 
 89 
119 
117 
109 
104 
103 
102 
 92 
 92 
 89 
 77 
 77 
 77 
 77 
 78 
 78 
 79 
 80 
 82 
 89 
 90 
 91 
 92 
 90 
 91 
 91 
 93 
 94 
 93 
 93 
 94 
 90 
 86 
 79 
 79 
 78 
 61 
168 
182 
215 
199 
200 
201 
202 
207 
206 
208 
209 
210 
211 
213 
213 
213 
213 
215 
214 
214 
214 
212 
217 
223 
223 
222 
220 


 98 
 98 
101 
105 
107 
114 
113 
 92 
 76 
 69 
 59 
 59 
 60 
 57 
 62 
 64 
 75 
 78 
 75 
 68 
 68 
 67 
 67 
 62 
 61 
 41 
 62 
102 
110 
109 
107 
106 
 97 
 96 
 92 
 89 
 88 
 77 
 77 
 77 
 77 
 78 
 78 
 79 
 81 
 84 
 89 
 89 
 91 
 93 
 93 
 94 
 95 
 96 
 96 
 97 
 97 
 94 
 91 
 86 
 80 
 80 
 76 
 57 
173 
188 
220 
198 
199 
201 
202 
206 
205 
208 
209 
205 
208 
208 
210 
211 
214 
215 
212 
213 
214 
216 
216 
219 
219 
222 
221 


 96 
100 
100 
105 
110 
116 
116 
103 
 83 
 71 
 60 
 59 
 58 
 58 
 57 
 58 
 67 
 76 
 76 
 68 
 68 
 68 
 67 
 57 
 54 
 38 
 76 
107 
113 
112 
109 
107 
 99 
 98 
 89 
 88 
 87 
 77 
 76 
 76 
 77 
 81 
 81 
 83 
 85 
 86 
 89 
 89 
 91 
 91 
 93 
 96 
 96 
 98 
 98 
 96 
 96 
 95 
 92 
 87 
 80 
 80 
 74 
 56 
175 
190 
221 
200 
201 
201 
202 
203 
202 
209 
210 
205 
206 
207 
208 
209 
214 
212 
212 
212 
213 
217 
215 
217 
217 
220 
218 


 97 
100 
101 
105 
110 
114 
114 
110 
 85 
 72 
 59 
 58 
 57 
 59 
 58 
 58 
 63 
 72 
 73 
 68 
 68 
 69 
 66 
 47 
 43 
 42 
 90 
114 
115 
114 
114 
104 
 89 
 87 
 83 
 83 
 84 
 77 
 77 
 75 
 76 
 82 
 82 
 86 
 88 
 88 
 89 
 90 
 90 
 91 
 93 
 97 
 98 
100 
100 
 98 
 98 
 98 
 95 
 88 
 77 
 77 
 68 
 53 
181 
195 
213 
201 
202 
201 
201 
200 
202 
209 
210 
208 
208 
209 
209 
209 
215 
215 
215 
215 
214 
216 
215 
216 
217 
218 
218 


 96 
 98 
 98 
106 
109 
112 
118 
111 
 96 
 80 
 59 
 58 
 55 
 57 
 60 
 61 
 63 
 69 
 71 
 69 
 69 
 70 
 67 
 44 
 40 
 45 
 98 
132 
122 
120 
109 
100 
 85 
 84 
 80 
 83 
 82 
 77 
 76 
 75 
 76 
 82 
 82 
 83 
 84 
 87 
 90 
 90 
 89 
 91 
 94 
 97 
 97 
 98 
 97 
 97 
 97 
 98 
 93 
 87 
 77 
 76 
 66 
 56 
189 
202 
206 
201 
203 
205 
205 
203 
202 
207 
207 
206 
212 
210 
209 
209 
217 
219 
213 
211 
211 
211 
210 
211 
215 
216 
218 


 96 
 97 
 97 
108 
111 
114 
114 
111 
 97 
 79 
 58 
 57 
 54 
 57 
 60 
 61 
 63 
 66 
 70 
 68 
 68 
 69 
 62 
 44 
 42 
 56 
112 
123 
115 
113 
104 
 96 
 83 
 81 
 83 
 83 
 82 
 79 
 79 
 76 
 76 
 83 
 84 
 86 
 86 
 87 
 89 
 89 
 90 
 92 
 95 
 96 
 96 
 97 
 98 
 97 
 97 
 95 
 91 
 87 
 77 
 77 
 68 
 60 
192 
203 
205 
199 
202 
204 
205 
208 
207 
206 
206 
206 
208 
209 
210 
211 
214 
214 
213 
213 
213 
216 
215 
211 
212 
217 
218 


 97 
 98 
101 
107 
112 
112 
113 
111 
106 
 98 
 63 
 60 
 55 
 57 
 61 
 62 
 62 
 64 
 66 
 63 
 63 
 66 
 59 
 45 
 46 
 85 
123 
125 
106 
105 
100 
 91 
 85 
 85 
 84 
 84 
 83 
 78 
 77 
 76 
 76 
 81 
 83 
 86 
 87 
 86 
 87 
 87 
 90 
 92 
 94 
 95 
 95 
 95 
 95 
 95 
 95 
 93 
 89 
 85 
 76 
 76 
 66 
 62 
193 
205 
212 
199 
201 
204 
205 
207 
207 
206 
207 
209 
209 
209 
210 
211 
212 
216 
212 
213 
216 
216 
217 
213 
214 
217 
218 


 98 
 99 
101 
108 
110 
112 
111 
112 
110 
110 
 89 
 69 
 59 
 56 
 60 
 60 
 59 
 63 
 65 
 76 
 80 
 89 
 73 
 74 
 77 
110 
129 
131 
106 
104 
 99 
 90 
 86 
 86 
 84 
 84 
 84 
 79 
 78 
 76 
 76 
 80 
 81 
 85 
 86 
 85 
 87 
 88 
 91 
 94 
 96 
 95 
 95 
 95 
 95 
 94 
 94 
 91 
 87 
 81 
 75 
 74 
 64 
 63 
193 
203 
219 
199 
201 
205 
205 
207 
207 
209 
209 
209 
209 
209 
211 
212 
213 
214 
214 
211 
213 
211 
213 
214 
212 
217 
217 


 98 
101 
103 
108 
110 
112 
112 
112 
110 
111 
113 
 91 
 70 
 60 
 60 
 60 
 60 
 61 
 63 
 70 
 74 
100 
106 
117 
117 
133 
134 
130 
106 
105 
 99 
 93 
 85 
 85 
 85 
 85 
 83 
 80 
 79 
 79 
 78 
 78 
 79 
 83 
 84 
 85 
 87 
 88 
 94 
 96 
 97 
 96 
 96 
 95 
 95 
 94 
 94 
 88 
 83 
 75 
 69 
 68 
 59 
 64 
197 
208 
216 
199 
201 
201 
201 
206 
207 
209 
209 
207 
209 
213 
214 
215 
213 
213 
212 
212 
213 
211 
212 
216 
212 
214 
216 


 99 
104 
101 
107 
110 
112 
113 
112 
111 
115 
103 
100 
 83 
 74 
 64 
 65 
 65 
 64 
 62 
 76 
 79 
 91 
101 
126 
129 
131 
128 
124 
103 
102 
 98 
 92 
 85 
 84 
 84 
 83 
 82 
 80 
 79 
 79 
 78 
 77 
 77 
 83 
 84 
 85 
 88 
 89 
 93 
 96 
 96 
 94 
 94 
 93 
 92 
 93 
 93 
 86 
 79 
 73 
 72 
 69 
 55 
 73 
202 
210 
204 
202 
199 
203 
204 
206 
207 
205 
205 
206 
209 
214 
215 
215 
216 
218 
211 
211 
212 
209 
212 
215 
215 
214 
211 


 98 
101 
104 
108 
109 
113 
113 
111 
111 
114 
112 
107 
 90 
 85 
 72 
 72 
 71 
 71 
 70 
 76 
 77 
 89 
 99 
110 
112 
118 
113 
110 
103 
101 
 95 
 92 
 84 
 84 
 83 
 83 
 81 
 79 
 79 
 79 
 79 
 79 
 79 
 83 
 84 
 85 
 90 
 91 
 94 
 95 
 95 
 94 
 94 
 93 
 91 
 92 
 91 
 84 
 77 
 72 
 72 
 69 
 53 
 79 
206 
211 
204 
203 
202 
206 
207 
205 
207 
207 
207 
205 
210 
214 
214 
214 
217 
214 
214 
214 
214 
211 
215 
212 
213 
216 
216 


 98 
101 
104 
108 
109 
112 
112 
112 
111 
114 
113 
111 
104 
 98 
 82 
 81 
 76 
 77 
 78 
 84 
 83 
 82 
 88 
107 
109 
112 
108 
106 
100 
 98 
 94 
 92 
 84 
 84 
 83 
 83 
 82 
 79 
 79 
 79 
 80 
 81 
 81 
 84 
 85 
 86 
 92 
 92 
 94 
 96 
 96 
 94 
 94 
 92 
 90 
 90 
 89 
 79 
 72 
 68 
 68 
 64 
 51 
 85 
212 
219 
207 
203 
203 
203 
203 
203 
205 
208 
205 
204 
209 
210 
211 
216 
213 
211 
214 
214 
214 
214 
216 
212 
212 
216 
217 


 98 
101 
104 
108 
112 
114 
114 
111 
110 
113 
114 
111 
109 
106 
 94 
 93 
 88 
 87 
 86 
 85 
 84 
 81 
 86 
108 
109 
110 
111 
111 
 98 
 97 
 93 
 93 
 85 
 84 
 81 
 82 
 83 
 84 
 84 
 84 
 84 
 83 
 83 
 84 
 85 
 88 
 93 
 94 
 95 
 96 
 95 
 92 
 92 
 90 
 89 
 85 
 84 
 77 
 70 
 69 
 66 
 63 
 50 
 95 
210 
212 
203 
201 
202 
203 
203 
204 
207 
204 
206 
205 
210 
212 
210 
211 
212 
210 
216 
217 
218 
217 
217 
217 
217 
217 
216 


 97 
102 
104 
109 
114 
115 
114 
111 
108 
113 
116 
113 
109 
107 
106 
105 
103 
101 
100 
 95 
 94 
 87 
 88 
111 
112 
114 
115 
112 
100 
 99 
 96 
 95 
 87 
 86 
 86 
 85 
 86 
 87 
 87 
 87 
 86 
 84 
 84 
 84 
 85 
 88 
 95 
 95 
 95 
 96 
 95 
 92 
 91 
 89 
 88 
 82 
 81 
 77 
 70 
 67 
 61 
 58 
 50 
105 
208 
211 
202 
198 
201 
202 
201 
205 
207 
204 
206 
206 
209 
212 
214 
214 
211 
211 
214 
214 
214 
215 
217 
218 
215 
216 
219 


 97 
101 
103 
109 
115 
114 
114 
112 
110 
114 
115 
112 
110 
107 
106 
104 
103 
103 
103 
103 
103 
100 
102 
110 
110 
107 
104 
 99 
 99 
 98 
 95 
 94 
 89 
 89 
 90 
 91 
 92 
 91 
 91 
 90 
 87 
 84 
 83 
 83 
 85 
 88 
 95 
 95 
 95 
 96 
 95 
 90 
 89 
 85 
 83 
 78 
 78 
 75 
 71 
 69 
 59 
 57 
 56 
119 
213 
213 
206 
200 
200 
200 
201 
204 
207 
201 
204 
206 
206 
208 
213 
211 
210 
215 
213 
211 
213 
212 
216 
218 
218 
219 
220 


 98 
100 
101 
109 
112 
114 
114 
114 
112 
113 
114 
113 
111 
109 
107 
106 
103 
103 
104 
105 
104 
103 
102 
103 
102 
100 
 95 
 93 
 96 
 96 
 95 
 94 
 93 
 93 
 92 
 92 
 94 
 95 
 95 
 91 
 88 
 84 
 83 
 84 
 85 
 88 
 93 
 94 
 95 
 96 
 95 
 88 
 87 
 82 
 78 
 76 
 76 
 75 
 72 
 71 
 55 
 54 
 66 
136 
217 
216 
206 
200 
200 
200 
200 
202 
204 
205 
208 
214 
212 
212 
214 
213 
214 
214 
215 
212 
213 
214 
215 
218 
218 
221 
219 


 98 
100 
102 
108 
111 
115 
114 
113 
113 
114 
115 
112 
112 
111 
109 
107 
104 
104 
103 
102 
101 
100 
 99 
 98 
 98 
 97 
 96 
 95 
 96 
 96 
 96 
 94 
 94 
 93 
 94 
 94 
 93 
 94 
 93 
 89 
 88 
 84 
 83 
 84 
 85 
 87 
 92 
 93 
 95 
 96 
 95 
 88 
 87 
 82 
 77 
 76 
 75 
 74 
 72 
 70 
 43 
 45 
 80 
158 
214 
212 
200 
199 
200 
201 
201 
203 
205 
209 
208 
214 
214 
213 
215 
216 
212 
212 
212 
214 
213 
215 
215 
216 
215 
221 
217 


 97 
 98 
101 
110 
112 
116 
114 
113 
112 
114 
115 
113 
113 
111 
110 
108 
105 
100 
 99 
 99 
 99 
 98 
 97 
 98 
 98 
 97 
 95 
 96 
 94 
 94 
 94 
 94 
 93 
 93 
 93 
 95 
 93 
 92 
 92 
 89 
 88 
 85 
 84 
 84 
 84 
 88 
 92 
 93 
 94 
 94 
 93 
 88 
 87 
 81 
 77 
 74 
 74 
 74 
 72 
 67 
 48 
 51 
 96 
176 
205 
201 
198 
199 
200 
202 
203 
203 
204 
208 
208 
212 
212 
213 
217 
217 
215 
213 
211 
214 
214 
215 
215 
215 
217 
218 
217 


 97 
 97 
101 
112 
115 
116 
115 
113 
113 
116 
115 
114 
112 
112 
112 
113 
106 
 92 
 94 
 94 
 94 
 94 
 94 
 95 
 95 
 94 
 93 
 92 
 93 
 94 
 94 
 92 
 92 
 92 
 91 
 91 
 90 
 91 
 91 
 88 
 88 
 83 
 82 
 82 
 83 
 86 
 90 
 91 
 93 
 93 
 93 
 88 
 87 
 83 
 78 
 75 
 75 
 72 
 72 
 67 
 50 
 59 
124 
192 
205 
200 
200 
201 
201 
203 
203 
203 
211 
212 
212 
213 
212 
214 
214 
214 
215 
216 
214 
215 
215 
215 
214 
220 
219 
219 
217 


 96 
 97 
101 
110 
114 
113 
113 
113 
113 
117 
115 
114 
112 
112 
111 
115 
108 
 83 
 85 
 92 
 92 
 94 
 93 
 95 
 95 
 94 
 92 
 92 
 90 
 90 
 90 
 89 
 89 
 89 
 88 
 88 
 88 
 88 
 88 
 87 
 86 
 82 
 81 
 80 
 83 
 86 
 87 
 87 
 89 
 90 
 89 
 85 
 85 
 82 
 77 
 71 
 71 
 70 
 71 
 66 
 59 
 71 
145 
204 
202 
200 
201 
201 
201 
202 
203 
204 
205 
209 
209 
210 
211 
216 
213 
213 
212 
210 
212 
214 
215 
216 
215 
215 
217 
213 
212 


 99 
 96 
102 
108 
113 
112 
112 
112 
114 
116 
114 
113 
113 
114 
112 
120 
106 
 72 
 76 
 88 
 90 
 95 
 95 
 95 
 94 
 93 
 92 
 90 
 89 
 88 
 86 
 85 
 85 
 86 
 83 
 84 
 82 
 82 
 82 
 82 
 82 
 80 
 80 
 80 
 80 
 82 
 84 
 84 
 84 
 86 
 85 
 81 
 81 
 79 
 73 
 68 
 68 
 69 
 70 
 63 
 70 
 83 
163 
212 
196 
195 
199 
198 
200 
205 
204 
203 
204 
204 
204 
209 
210 
215 
213 
213 
210 
206 
212 
213 
214 
214 
216 
216 
215 
215 
216 


 99 
 98 
101 
111 
114 
112 
112 
112 
112 
115 
113 
112 
111 
112 
110 
115 
105 
 69 
 69 
 79 
 81 
 93 
 98 
 95 
 94 
 93 
 90 
 89 
 84 
 84 
 82 
 79 
 81 
 81 
 79 
 79 
 78 
 78 
 78 
 78 
 78 
 79 
 79 
 79 
 79 
 78 
 77 
 77 
 79 
 82 
 82 
 77 
 77 
 76 
 70 
 68 
 68 
 69 
 67 
 55 
 83 
 98 
179 
213 
194 
194 
196 
198 
201 
205 
205 
203 
203 
205 
205 
209 
211 
211 
217 
217 
213 
215 
214 
214 
212 
213 
214 
213 
214 
215 
219 


 96 
 97 
 98 
111 
116 
113 
113 
112 
112 
116 
113 
111 
108 
110 
109 
114 
103 
 68 
 61 
 70 
 72 
 81 
 93 
 98 
 97 
 93 
 89 
 87 
 81 
 81 
 79 
 78 
 77 
 77 
 77 
 75 
 75 
 73 
 73 
 74 
 75 
 76 
 77 
 76 
 77 
 76 
 76 
 76 
 77 
 80 
 77 
 73 
 72 
 70 
 68 
 67 
 67 
 66 
 63 
 50 
 97 
113 
189 
205 
196 
196 
198 
199 
199 
201 
201 
205 
203 
205 
205 
208 
207 
211 
210 
209 
210 
212 
215 
214 
211 
212 
217 
214 
215 
217 
221 


 96 
 96 
100 
113 
116 
116 
116 
113 
113 
114 
112 
110 
106 
108 
108 
111 
 99 
 67 
 60 
 59 
 60 
 68 
 80 
 96 
 96 
 95 
 93 
 87 
 78 
 77 
 76 
 76 
 75 
 75 
 73 
 72 
 69 
 69 
 69 
 71 
 72 
 72 
 72 
 73 
 72 
 74 
 76 
 76 
 76 
 77 
 75 
 68 
 68 
 67 
 66 
 63 
 63 
 63 
 58 
 50 
115 
130 
193 
202 
197 
197 
198 
199 
200 
200 
200 
200 
203 
204 
204 
208 
210 
212 
213 
213 
213 
215 
214 
214 
211 
216 
221 
221 
219 
220 
220 


 97 
 97 
 97 
113 
116 
116 
115 
112 
113 
114 
111 
110 
104 
103 
102 
102 
 95 
 62 
 48 
 46 
 46 
 48 
 60 
 79 
 81 
 87 
 89 
 85 
 77 
 76 
 73 
 72 
 72 
 72 
 70 
 68 
 67 
 66 
 66 
 68 
 69 
 70 
 70 
 71 
 71 
 71 
 71 
 70 
 71 
 71 
 69 
 65 
 65 
 63 
 61 
 60 
 60 
 60 
 57 
 44 
124 
138 
198 
204 
197 
197 
200 
198 
199 
200 
200 
200 
201 
203 
204 
207 
206 
205 
209 
209 
209 
213 
211 
212 
211 
213 
214 
216 
218 
219 
219 


100 
 98 
 98 
113 
114 
116 
116 
113 
113 
116 
112 
110 
104 
104 
101 
102 
 98 
 69 
 55 
 47 
 47 
 42 
 42 
 54 
 55 
 70 
 81 
 82 
 77 
 76 
 74 
 73 
 71 
 70 
 67 
 67 
 66 
 63 
 63 
 63 
 64 
 65 
 65 
 65 
 66 
 66 
 66 
 66 
 65 
 65 
 63 
 61 
 61 
 61 
 60 
 60 
 60 
 60 
 57 
 41 
132 
145 
200 
206 
198 
198 
199 
198 
199 
202 
201 
201 
200 
205 
205 
206 
206 
205 
206 
207 
211 
211 
210 
208 
208 
209 
211 
212 
213 
215 
217 


103 
 98 
 99 
111 
115 
116 
115 
112 
113 
116 
112 
110 
106 
108 
107 
109 
104 
 91 
 83 
 71 
 70 
 67 
 65 
 62 
 62 
 67 
 73 
 76 
 75 
 75 
 74 
 73 
 68 
 68 
 67 
 64 
 63 
 58 
 58 
 59 
 58 
 59 
 59 
 60 
 61 
 61 
 58 
 58 
 59 
 59 
 59 
 60 
 60 
 60 
 61 
 60 
 60 
 60 
 53 
 44 
144 
155 
199 
201 
198 
199 
199 
198 
199 
200 
200 
200 
202 
205 
205 
207 
211 
210 
207 
207 
210 
210 
212 
211 
213 
210 
209 
213 
215 
216 
214 


100 
 98 
 99 
110 
116 
115 
115 
113 
113 
115 
112 
111 
109 
110 
105 
105 
102 
 90 
 84 
 82 
 82 
 80 
 80 
 81 
 81 
 74 
 75 
 76 
 75 
 74 
 74 
 74 
 67 
 67 
 65 
 64 
 61 
 57 
 57 
 56 
 55 
 56 
 56 
 57 
 57 
 57 
 56 
 56 
 58 
 57 
 57 
 59 
 59 
 59 
 60 
 60 
 60 
 58 
 49 
 48 
151 
159 
192 
200 
196 
197 
200 
201 
198 
199 
200 
204 
200 
203 
203 
207 
206 
206 
206 
206 
208 
210 
213 
217 
209 
211 
212 
214 
213 
212 
214 


100 
 99 
100 
110 
114 
116 
116 
114 
113 
113 
112 
111 
108 
108 
105 
104 
100 
 89 
 87 
 82 
 81 
 79 
 79 
 79 
 79 
 78 
 78 
 77 
 76 
 75 
 74 
 73 
 64 
 63 
 63 
 62 
 59 
 55 
 55 
 54 
 53 
 54 
 55 
 54 
 56 
 56 
 56 
 56 
 57 
 58 
 58 
 59 
 59 
 59 
 60 
 60 
 60 
 57 
 49 
 52 
156 
163 
188 
195 
194 
195 
200 
200 
201 
200 
200 
200 
200 
205 
205 
209 
212 
213 
212 
211 
209 
213 
216 
214 
207 
210 
211 
217 
214 
212 
215 


 99 
 99 
100 
110 
114 
116 
116 
113 
113 
113 
111 
110 
107 
107 
107 
106 
101 
 91 
 88 
 86 
 85 
 84 
 82 
 80 
 80 
 79 
 79 
 78 
 78 
 77 
 70 
 68 
 55 
 53 
 53 
 53 
 53 
 53 
 53 
 53 
 53 
 54 
 54 
 54 
 55 
 56 
 57 
 58 
 58 
 58 
 59 
 59 
 59 
 60 
 61 
 60 
 60 
 60 
 56 
 61 
153 
160 
188 
196 
194 
195 
198 
201 
201 
202 
202 
202 
202 
204 
204 
211 
212 
214 
207 
206 
211 
217 
212 
212 
213 
211 
210 
216 
216 
214 
216 


 98 
100 
101 
110 
114 
117 
116 
113 
112 
112 
110 
110 
108 
107 
107 
108 
103 
 90 
 87 
 84 
 84 
 85 
 84 
 82 
 81 
 80 
 80 
 80 
 79 
 78 
 75 
 85 
 55 
 52 
 32 
 37 
 41 
 50 
 51 
 52 
 53 
 54 
 54 
 55 
 55 
 57 
 59 
 59 
 59 
 60 
 60 
 60 
 60 
 61 
 62 
 59 
 59 
 59 
 61 
 63 
142 
149 
182 
194 
194 
195 
196 
200 
203 
204 
204 
203 
202 
203 
204 
209 
208 
209 
211 
210 
214 
212 
211 
211 
212 
211 
214 
214 
214 
215 
216 


 99 
 99 
100 
109 
111 
117 
115 
113 
114 
114 
110 
109 
108 
108 
107 
108 
105 
 93 
 88 
 85 
 85 
 85 
 85 
 83 
 83 
 82 
 81 
 82 
 76 
 76 
 88 
113 
 97 
 94 
 53 
 24 
 20 
 45 
 47 
 51 
 52 
 54 
 54 
 54 
 56 
 58 
 61 
 61 
 62 
 63 
 63 
 60 
 61 
 62 
 62 
 62 
 62 
 64 
 63 
 64 
126 
133 
170 
192 
196 
196 
199 
200 
204 
201 
201 
201 
201 
202 
202 
208 
207 
206 
210 
212 
209 
209 
211 
209 
213 
212 
212 
211 
212 
215 
220 


 99 
 99 
101 
109 
111 
115 
114 
112 
114 
114 
111 
108 
107 
106 
108 
109 
103 
 92 
 88 
 86 
 86 
 85 
 86 
 85 
 85 
 83 
 84 
 84 
 85 
 84 
 91 
119 
127 
123 
 99 
 64 
 32 
 35 
 38 
 52 
 55 
 55 
 55 
 57 
 60 
 61 
 63 
 63 
 63 
 63 
 63 
 60 
 60 
 60 
 61 
 63 
 63 
 62 
 61 
 68 
119 
124 
158 
184 
194 
195 
198 
201 
201 
202 
202 
202 
205 
205 
204 
202 
204 
205 
207 
206 
206 
207 
211 
209 
212 
212 
212 
213 
215 
215 
214 


100 
102 
104 
112 
115 
116 
113 
111 
114 
114 
111 
108 
107 
106 
108 
109 
103 
 93 
 89 
 85 
 85 
 85 
 85 
 86 
 86 
 86 
 85 
 87 
 86 
 85 
 92 
120 
144 
144 
131 
116 
 68 
 45 
 48 
 60 
 61 
 61 
 62 
 62 
 63 
 62 
 62 
 62 
 64 
 63 
 63 
 62 
 62 
 62 
 63 
 64 
 64 
 63 
 62 
 70 
109 
115 
150 
176 
195 
196 
200 
202 
202 
208 
201 
202 
203 
205 
205 
204 
204 
205 
207 
207 
208 
209 
210 
207 
207 
211 
211 
212 
212 
214 
216 


 98 
103 
105 
113 
116 
117 
114 
113 
112 
112 
110 
108 
108 
107 
109 
106 
101 
 94 
 89 
 86 
 86 
 85 
 86 
 85 
 85 
 86 
 85 
 86 
 86 
 84 
 82 
114 
145 
144 
144 
133 
100 
 48 
 50 
 63 
 65 
 67 
 68 
 70 
 71 
 67 
 63 
 63 
 63 
 62 
 63 
 64 
 64 
 64 
 64 
 65 
 65 
 64 
 61 
 69 
102 
107 
138 
171 
198 
198 
202 
201 
201 
201 
201 
201 
203 
206 
206 
208 
206 
207 
208 
207 
208 
211 
211 
210 
210 
209 
210 
213 
213 
214 
215 


 92 
 99 
105 
113 
118 
116 
114 
113 
112 
113 
110 
109 
108 
107 
108 
106 
101 
 95 
 90 
 86 
 86 
 85 
 86 
 86 
 86 
 86 
 85 
 86 
 85 
 83 
 77 
103 
143 
143 
147 
140 
114 
 54 
 54 
 63 
 69 
 72 
 73 
 73 
 72 
 71 
 62 
 62 
 62 
 62 
 61 
 63 
 64 
 64 
 64 
 65 
 65 
 64 
 63 
 68 
 99 
103 
128 
159 
214 
217 
201 
202 
201 
202 
202 
201 
203 
206 
208 
209 
209 
210 
207 
207 
210 
211 
211 
210 
214 
210 
208 
216 
217 
218 
215 

